my method
[37, 22, 10, 14, 22, 22, 27, 14, 6, 11, 10, 37, 5, 38, 39, 29, 37, 38, 14, 35, 8, 18, 37, 22, 12, 35, 38, 2, 35, 33, 10, 37, 11, 21, 37, 12, 2, 23, 11, 11, 8, 38, 11, 22, 38, 5, 15, 14, 22, 2, 8, 1, 37, 26, 33, 2, 5, 18, 5, 35, 6, 2, 20, 1, 22, 14, 15, 37, 35, 22, 8, 36, 3, 8, 8, 1, 30, 2, 11, 5, 14, 14, 1, 18, 11, 8, 15, 24, 16, 2, 14, 22, 22, 1, 23, 8, 36, 10, 12, 37, 15, 15, 5, 37, 9, 1, 20, 26, 2, 21, 14, 21, 5, 5, 21, 16, 5, 5, 1, 15, 1, 2, 12, 1, 23, 23, 38, 12, 16, 36, 8, 12, 6, 14, 1, 36, 14, 5, 10, 5, 16, 26, 5, 18, 5, 15, 15, 15, 8, 17, 2, 2, 39, 5, 9, 1, 11, 39, 20, 16, 14, 41, 9, 14, 5, 16, 5, 8, 2, 12, 6, 15, 18, 12, 8, 18, 15, 10, 2, 12, 2, 41, 11, 16, 22, 17, 38, 16, 15, 10, 11, 39, 20, 16, 24, 10, 18, 1, 36, 28, 1, 11, 2, 1, 1, 39, 22, 23, 1, 18, 9, 22, 32, 1, 12, 16, 7, 5, 20, 2, 2, 2, 12, 2, 22, 5, 11, 1, 22, 20, 5, 35, 15, 12, 2, 8, 3, 18, 2, 15, 26, 8, 3, 22, 16, 15, 8, 37, 10, 9, 29, 9, 23, 8, 15, 11, 15, 35, 9, 9, 21, 2, 1, 38, 40, 5, 8, 5, 12, 18, 15, 23, 13, 18, 2, 2, 11, 2, 11, 20, 15, 2, 17, 8, 15, 8, 20, 14, 2, 1, 22, 15, 20, 37, 16, 2, 6, 15, 20, 9, 15, 2, 5, 8, 18, 4, 5, 5, 17, 5, 4, 17, 12, 11, 11, 18, 21, 2, 11, 5, 16, 17, 1, 5, 15, 11, 5, 36, 15, 11, 6, 2, 10, 12, 15, 12, 18, 5, 29, 37, 5, 7, 14, 21, 5, 5, 22, 36, 15, 2, 6, 8, 15, 15, 10, 9, 18, 8, 1, 2, 40, 2, 3, 16, 27, 8, 15, 24, 8, 4, 28, 27, 5, 29, 7, 23, 9, 11, 14, 5, 11, 8, 17, 16, 18, 24, 17, 10, 41, 2, 35, 2, 11, 1, 9, 5, 1, 15, 5, 12, 22, 20, 2, 8, 23, 15, 4, 10, 24, 8, 28, 2, 7, 4, 27, 17, 15, 5, 2, 10, 32, 9, 11, 17, 5, 5, 38, 37, 5, 9, 25, 15, 38, 32, 16, 5, 9, 18, 8, 13, 1, 15, 28, 41, 15, 8, 5, 24, 1, 22, 9, 5, 2, 2, 2, 4, 8, 1, 10, 37, 4, 16, 5, 15, 24, 17, 16, 1, 5, 7, 28, 18, 20, 8, 16, 5, 31, 1, 11, 7, 8, 10, 9, 15, 38, 14, 15, 16, 15, 5, 7, 18, 8, 37, 18, 5, 15, 5, 7, 16, 22, 5, 26, 27, 20, 15, 22, 24, 5, 16, 15, 8, 5, 15, 8, 36, 16, 20, 1, 17, 15, 20, 7, 15, 12, 21, 4, 15, 15, 20, 15, 20, 31, 1, 14, 15, 5, 38, 2, 12, 17, 8, 16, 8, 10, 15]
********summary**********
(365, 128) training data
There are  37 training labels
(178, 128) test data
There are  36 testing labels
*************************
accuracy
0.7247191011235955
