my method
[20, 1, 23, 22, 2, 5, 14, 23, 29, 11, 5, 15, 1, 37, 1, 20, 15, 8, 8, 8, 32, 8, 18, 1, 14, 12, 3, 2, 8, 2, 1, 37, 8, 35, 8, 2, 12, 8, 2, 21, 8, 5, 2, 12, 8, 8, 18, 2, 8, 8, 8, 8, 8, 6, 8, 2, 8, 2, 22, 2, 5, 11, 8, 8, 2, 2, 8, 22, 14, 8, 2, 8, 8, 8, 8, 15, 11, 22, 2, 2, 2, 20, 37, 2, 5, 14, 8, 5, 35, 2, 2, 2, 6, 2, 16, 1, 1, 37, 11, 2, 14, 14, 37, 16, 37, 8, 1, 10, 39, 5, 16, 24, 17, 1, 12, 9, 1, 8, 28, 18, 10, 37, 16, 8, 15, 22, 1, 35, 13, 22, 41, 8, 38, 10, 2, 14, 1, 7, 22, 1, 11, 1, 14, 14, 9, 2, 9, 1, 14, 1, 9, 21, 5, 15, 17, 9, 1, 1, 2, 9, 12, 12, 15, 12, 11, 12, 16, 18, 5, 35, 1, 9, 21, 2, 5, 10, 14, 20, 18, 5, 10, 5, 12, 5, 12, 12, 15, 17, 12, 6, 20, 12, 15, 12, 5, 12, 23, 32, 9, 12, 5, 12, 7, 15, 14, 38, 15, 20, 18, 20, 5, 11, 20, 6, 20, 5, 16, 25, 5, 37, 15, 15, 15, 20, 11, 20, 20, 14, 15, 15, 14, 21, 10, 15, 18, 5, 5, 20, 3, 38, 22, 15, 38, 5, 15, 10, 15, 20, 15, 4, 15, 31, 5, 36, 2, 15, 7, 23, 17, 16, 15, 10, 5, 5, 13, 26, 15, 2, 2, 38, 5, 26, 22, 2, 35, 15, 2, 2, 5, 29, 5, 10, 11, 2, 5, 5, 22, 15, 27, 26, 15, 37, 14, 20, 8, 1, 15, 12, 1, 5, 5, 9, 5, 35, 38, 9, 36, 4, 4, 10, 8, 38, 1, 15, 5, 4, 2, 37, 22, 35, 38, 37, 15, 2, 37, 6, 17, 8, 33, 27, 17, 22, 2, 5, 17, 5, 36, 15, 10, 17, 4, 23, 18, 11, 16, 26, 5, 10, 18, 6, 16, 21, 21, 11, 22, 27, 5, 11, 18, 17, 40, 11, 33, 5, 22, 17, 8, 3, 39, 2, 18, 36, 15, 16, 21, 39, 11, 15, 22, 27, 22, 2, 5, 20, 4, 15, 22, 16, 10, 22, 1, 9, 36, 1, 40, 9, 15, 37, 2, 16, 35, 7, 11, 15, 16, 10, 15, 5, 9, 5, 3, 12, 15, 41, 28, 16, 38, 18, 37, 39, 11, 39, 16, 5, 17, 16, 1, 30, 15, 1, 38, 5, 15, 11, 18, 41, 15, 14, 15, 36, 27, 18, 37, 20, 18, 16, 6, 9, 26, 7, 9, 28, 8, 5, 7, 15, 16, 23, 11, 29, 11, 38, 1, 9, 15, 11, 22, 16, 11, 21, 14, 24, 18, 17, 7, 17, 4, 37, 18, 15, 38, 11, 41, 22, 16, 11, 5, 10, 5, 24, 22, 15, 16, 16, 31, 15, 24, 1, 4, 28, 24, 5, 18, 10, 15, 29, 11, 36, 23, 32, 16, 7, 8, 15, 2, 14, 15, 5, 9, 16, 2, 36, 23, 15, 23, 7, 24, 5, 24, 1, 5, 18, 1, 18, 1, 11, 24, 2, 36, 10, 5, 5, 5]
********summary**********
(363, 128) training data
There are  39 training labels
(180, 128) test data
There are  31 testing labels
*************************
accuracy
0.35555555555555557
